40698
39901
39898
39895
39892
39853
39847
39844
39836
39352
39341
39331
38811
38715
38539
38532
38455
38422
38256
38249
38246
38239
38207
38199
38162
38150
38114
37841
37828
37770
37597
37449
37373
37201
36960
36956
36949
36942
36868
36774
36754
36744
36267
35928
35549
35542
35537
35534
34779
34577
34566
34560
34553
34544
34538
34188
33990
33847
33760
32856
32831
32821
32741
32642
32631
32620
32607
32590
32575
32561
32304
32262
32259
32255
31977
31621
31581
31568
31016
31012
30875
30745
30478
30409
30316
30283
30141
30086
30030
29877
29868
29700
29064
29020
29004
28968
28962
28955
28774
28767
28758
28712
28709
28705
28699
28695
28689
28436
28291
28248
28218
28205
28160
28157
28153
28152
28148
28106
28081
28059
27984
27782
27102
27074
27071
27048
26652
26389
25980
25825
25821
25575
25287
24880
24875
24729
22655
22530
22446
21089
21036
21014
10127
9590
9570
9554
9542
9532
9511
9495
9478
9473
9465
9461
9456
9451
9446
9445
9442
9439
9436
9430
8983
8935
8929
8925
8909
8906
8901
8894
8466
8113
7898
6861
6855
6850
4150
4014
3824
3819
3815
3814
3812
3811
3810
3809
3793
3792
3767
3744
3737
3733
3708
3707
3706
3682
3681
3666
3665
3664
3653
3648
3647
3613
3476
3475
3472
3468
3441
3440
3439
3438
3436
3435
3431
3430
3429
3425
3424
3415
3388
3387
3385
3379
3375
3374
3373
3372
3371
3370
3331
3277
3276
3275
3274
3211
40475
39782
39773
39761
39741
39731
39723
39715
39580
39299
39267
39167
38498
38482
38464
38442
38432
38381
38363
38352
38339
38326
38313
38294
38284
38275
38226
38214
38185
38171
38026
37808
37804
37797
37776
37760
37748
37742
37733
37692
37668
37666
37641
37637
37626
37611
37514
37503
37492
37480
37455
37403
37400
37341
37330
37319
37290
37280
37268
37255
37242
37179
37172
37090
37086
37079
36893
36780
35620
35544
35528
34811
34789
34132
34118
34104
33895
33209
33183
33153
33119
33030
32969
32937
32914
32902
32884
32865
32540
32493
32210
31801
31641
31630
31606
31592
31558
31556
31543
31528
31512
31500
31496
30101
29972
29943
29885
29852
29845
29829
29778
29010
28895
28729
28489
28478
28450
28422
28403
28277
28261
28163
28136
28123
28118
28096
27683
27640
27518
27271
27267
27257
27250
27243
27229
27228
27220
27219
27197
27196
27195
27194
27186
27185
27153
27152
27151
27150
27149
27148
27147
27133
27132
27131
27105
27104
27103
27070
27066
27065
27064
27063
26992
26983
26975
26970
26965
26956
26951
26947
26942
26939
26934
26915
26905
26444
26368
26348
26326
26308
25850
25827
25558
25535
25525
25485
25076
24650
22947
22923
22892
22832
22785
21052
20979
10041
10025
9995
9991
9976
9686
9669
9517
9403
9374
9039
8940
8877
8537
8520
8170
8156
8150
8144
8139
8114
8110
8108
8106
8104
8102
8098
8096
8094
8092
8090
8088
8082
8080
8076
8074
8072
8070
8068
8066
8064
8062
8060
8044
8042
8040
8038
8036
8001
7989
7948
7926
7921
7915
7910
7887
7876
7841
7750
7724
7708
7587
7522
7518
7502
6928
6918
6397
6336
5594
5588
5584
5582
5580
5578
5576
5574
5568
5566
5556
5554
5496
5488
5486
5484
5480
5478
4349
4341
4309
4304
4301
4293
4142
4080
4030
4027
4002
3836
3827
3825
3786
3779
3776
3749
3734
3728
3693
3689
3685
3660
3658
3649
3642
3637
3619
3610
3574
3525
3493
3488
3478
3437
3420
3416
3369
3354
3337
3332
3326
3318
3283
3282
3281
3279
3278
3267
3266
3221
3220
3219
3218
3217
3216
3215
3214
3213
3210
3209
3208
3207
3206
3205
3204
